time,x,y,z,phi,theta,psi,x_velocity,y_velocity,z_velocity,phi_velocity,theta_velocity,psi_velocity,rotor_speed1,rotor_speed2,rotor_speed3,rotor_speed4
0.06,-2.0063292707244995e-07,1.6737852679045208e-07,10.004007103069615,0.00016744495824472239,0.0001951756310170083,0.0,-1.7861734975867545e-05,1.5086505149231065e-05,0.1335630715091912,0.007858038354455851,0.009073159768385108,0.0,446.64671969587516,447.38588860607433,447.50830655248757,448.1473202888254
0.12000000000000001,-8.503585741537775e-06,7.79092314095913e-06,10.017743319909009,0.0011773246943223015,0.00023572708284280708,0.0,-0.0003051149495958019,0.00032946491369408514,0.32427533183025836,0.030503719202196296,-0.026908925969040286,0.0,465.8113785159579,462.98951810248957,464.36312648655684,466.13579019326204
0.18,-2.5466567445960727e-05,6.375385679755315e-05,10.043422869280818,0.0029920744852338643,6.281344698766029,0.0,-5.229552138816078e-05,0.0017507463242330008,0.5316352434792706,0.029725089372086337,-0.05810284427805758,0.0,471.7503841427858,469.33527782674685,469.22717642195875,469.1669800589392
0.23999999999999996,1.984580088249182e-05,0.00023436334813942518,10.077385904624572,0.004824605274194482,6.278357869451961,0.0,0.0018741619860844904,0.004112243867671781,0.6004303079093397,0.03212795376504705,-0.03689060352779206,0.0,426.42036104433856,428.226490915871,426.96267203585893,427.1679456218844
0.3,0.00024961306838941233,0.0005978295311570971,10.118169424742117,0.007203790212122918,6.2762309457011085,0.0,0.006024273430995599,0.008244601442578424,0.7589253877155018,0.051555010315420764,-0.032711165186652874,0.0,455.2031899710628,455.5369495017328,454.8217616120809,456.3755202741381
0.36000000000000004,0.0007655829158570823,0.0012574889330081536,10.16725314526177,0.010376941520986449,6.274796967047861,0.0,0.011347587857634105,0.01407154832508221,0.8771108722085152,0.055421957067018024,-0.010419550836010538,0.0,442.25874245424916,444.0906019140029,443.168444188657,443.4879706912593
0.4200000000000001,0.0016314917540007844,0.0023409325150033724,10.223985373538762,0.013462251437538875,6.274218353572397,0.0,0.017579705380444743,0.022388012661628272,1.01384710507828,0.04190147592115867,-0.008135052390366349,0.0,450.16083489708797,450.34575774797554,448.73779855272716,447.6406998203604
0.48000000000000015,0.0028420997118602832,0.00392434546691496,10.284403728796125,0.01580696486595201,6.274133151598274,0.0,0.022796205680580064,0.03060005868797213,1.000106968848365,0.03273394849968185,0.009437400476149535,0.0,399.373916716576,400.97333778839084,400.80576113311935,399.9727460901978
0.5400000000000001,0.0043863811940570395,0.006080283707666412,10.346533545994987,0.017821810522518966,6.2751404921739,0.0,0.02859943059341154,0.04145782416512806,1.070820292898348,0.03522243391912527,0.0284722163552071,0.0,428.07312390629903,429.6895873583809,428.1502346531943,428.3623741388153
0.6000000000000002,0.006263651748491791,0.008948763004519156,10.414010617168387,0.020420036400791375,6.2769826929070796,0.0,0.03379195997519703,0.05440275289639601,1.1783069169725624,0.05589962657342781,0.034828184790001035,0.0,440.76660031730984,441.29183319895105,439.06581106441735,440.77875842612247
0.6600000000000003,0.008436092482021566,0.012737434056104054,10.491963980799678,0.02400480615430034,6.278709992744254,0.0,0.038381329668283455,0.0723082413274513,1.4198618286838853,0.06649981542301611,0.012589452085958503,0.0,481.641068643457,479.9565416710014,481.0973095565274,481.9013478715072
0.7200000000000003,0.010837516022761381,0.017638579430768457,10.582239263058105,0.0277827406255291,6.279509656320814,0.0,0.04157777763579864,0.0914948923996644,1.5890828174059888,0.05475029309220552,0.014764805178828708,0.0,459.5370913051662,459.7093567469407,461.6066436714345,460.6812973563578
0.7800000000000004,0.013415821323742529,0.023804514290492348,10.68374206522232,0.030676117862692642,6.280029342770312,0.0,0.04427701704644432,0.11439651409608559,1.7940336047546661,0.03011674752264087,-0.007782147923564889,0.0,473.9502644538861,472.2142484581779,470.9494165363144,469.04157248211544
0.8400000000000004,0.016138298400874867,0.031298003824168474,10.794026693212885,0.03261506129055469,6.279460226502156,0.0,0.04652343748595347,0.1355696870535894,1.8819724585166973,0.03638539210240241,-0.013129855559383511,0.0,436.52006551185747,436.07372967067136,436.1090942778999,436.6327536660692
0.9000000000000005,0.019001340713825986,0.0400457870579578,10.907873141238777,0.03461628812493345,6.2789686080019536,0.0,0.04896846316888767,0.1562135912815709,1.912849726028151,0.02647314949231054,0.00019850819230114464,0.0,417.4241955691126,418.58572197146316,418.56931848067313,417.70635576201875
0.9600000000000005,0.0220276364829522,0.05014909073595025,11.0259096901128,0.03631111050097058,6.278952347536952,0.0,0.05190743571418367,0.18072572646007184,2.021508101976549,0.03157718631721512,-0.0012270600935206813,0.0,443.2907812492621,443.1736350104926,443.2484546953201,443.6679039069712
1.0200000000000005,0.025230359134332133,0.06175819955690307,11.15042258312378,0.038410211672212036,6.279215741922403,0.0,0.05483739877830354,0.20644315052298534,2.128718182260487,0.04105132269431143,0.013754112710876315,0.0,440.5044224025093,441.74140911670014,445.1014553853967,445.8766108971956
1.0800000000000005,0.02860122654468374,0.07496499672760616,11.281599720798527,0.04059977357786515,6.279736567268781,0.0,0.0574509680386233,0.23401843565942662,2.2436224314134203,0.02531395121234289,-0.00413367983059576,0.0,446.87388647430504,445.41335989060735,446.8230852681883,445.53890889975236
1.1400000000000006,0.032113074871020116,0.08976421520558446,11.417090528998907,0.042898498108798755,6.279328982556853,0.0,0.05963985894481532,0.2594671788760256,2.272670081017785,0.05630162981520345,-0.012727470533454351,0.0,418.5796219898012,417.83120358799124,418.4687879244133,421.1581961495021
1.2000000000000006,0.03577691435783928,0.10626342780808459,11.5571672650815,0.04719877415595164,6.2782012237006555,0.0,0.06258252891694334,0.29091037206266945,2.3962800390399828,0.09186106741676826,-0.03510445496397187,0.0,450.21394125109623,448.3998237943529,448.2910163250981,451.17463795023514
1.2600000000000007,0.03966606163244184,0.12492261523935624,11.708277709164754,0.052543728449890637,6.275638981304763,0.0,0.06733127173136222,0.33170531455406815,2.640162224379361,0.08285362906902921,-0.06569534984585342,0.0,487.50736154664594,485.21523247495855,485.8948475886535,485.2249852574878
1.3200000000000007,0.043873435894029644,0.14590579127074607,11.869255260670371,0.05755832833001229,6.271751334218932,0.0,0.07330417838701819,0.36821956935038064,2.7255181184837096,0.084983987939361,-0.06305079211833543,0.0,439.6645210476175,439.8804311927982,438.830314860726,439.0129120960169
1.3800000000000008,0.048534126053700534,0.16926618779689442,12.036796532081734,0.06267662343851477,6.268602852970529,0.0,0.08241322999013476,0.4109848613365784,2.8588200157098935,0.08593875893171417,-0.036989277478157445,0.0,455.25981843994936,457.33837420610195,453.3210484491682,453.4035866124351
1.4400000000000008,0.05377926272579877,0.1951973044475881,12.21066747459641,0.06749980936280764,6.266475837655037,0.0,0.09263626344861091,0.4538658325947512,2.936635037829851,0.06596556119487311,-0.03253799390454188,0.0,437.60456059087795,437.9743624798058,439.57038169084575,437.9172534798134
1.5000000000000009,0.0596959363486863,0.22386054724083168,12.390171095530272,0.07240484816313941,6.264683944710274,0.0,0.10477458238504245,0.5020218147948293,3.046483565836679,0.10230287421523782,-0.024993822603914445,0.0,448.9958444237514,449.60720632227265,446.97620753383814,449.93271576300066
1.560000000000001,0.06634293384057573,0.2553903157434576,12.574465472910985,0.07835386035772984,6.263452396421414,0.0,0.11691739601238725,0.5495289225405438,3.0964677915726853,0.0919586167017834,-0.012824625219405035,0.0,429.64115878002855,430.6716813052232,431.43530093219914,430.56976600489867
1.620000000000001,0.07378041892161831,0.2900433376440541,12.763782918584655,0.08376719162799606,6.262417787605646,0.0,0.13108431513577062,0.6061123179111015,3.213724401307456,0.08650396814665093,-0.027999503960788395,0.0,452.8328127657955,451.6105008342101,452.6442957852617,452.2117569300741
1.680000000000001,0.08213355288944862,0.3283664112132604,12.962036695517217,0.08911570284349413,6.260946187452699,0.0,0.14752098206993594,0.671873018089694,3.3941367905526403,0.09395190192329758,-0.018356664835408786,0.0,472.27011402578495,473.01324490060284,471.60558801239586,472.1866197883758
1.740000000000001,0.09146346313767159,0.3705936451226166,13.169270210703344,0.09433535446995744,6.259667102951209,0.0,0.16359147424239448,0.7362363816898269,3.51320663880192,0.06706763708352793,-0.028018133779216463,0.0,456.23617553424646,455.46410490184246,455.1524939715768,453.00153809893703
1.8000000000000012,0.10175550496121703,0.41666079184945043,13.382317208331722,0.09897546851096806,6.257794847168768,0.0,0.1796445662102136,0.7997343047742365,3.5880551966889196,0.09247930938185309,-0.038488839167318815,0.0,442.6805269159089,441.81767750785997,440.81358930759995,442.9131827021449
1.8600000000000012,0.11314654351617055,0.4670052314436994,13.60354949316001,0.1041944969573656,6.25544553455342,0.0,0.20031140184405424,0.8789687851564236,3.7856108265962356,0.07276172214204166,-0.040522063283670175,0.0,481.38595457123176,481.23143183944387,479.5821077977006,478.08758700824984
1.9200000000000013,0.12570034890220544,0.5217238486570375,13.831912989622532,0.1084775688837869,6.2529025831456195,0.0,0.2183765240956156,0.9453609194463302,3.826287654789163,0.06847884824973677,-0.04638917938586243,0.0,433.3311744315057,432.83661534585895,433.79591135348124,433.44014530555444
1.9800000000000013,0.13939093494178376,0.5805160474117296,14.062816602863721,0.11269280885667765,6.249855965274691,0.0,0.23824326126374268,1.0147376110661075,3.870263148701167,0.0735851944221565,-0.061435443147816376,0.0,435.84283979929745,434.5816157436926,434.3653393266048,434.79726937169
2.0400000000000014,0.15431624082005524,0.6434874901576073,14.295805000889688,0.11693323321322424,6.245879075583799,0.0,0.25961096481927914,1.0846774064708,3.895833071646417,0.0641053222767849,-0.07835287542462216,0.0,429.98653125115294,428.54727135507983,429.997002869994,429.1970955724926
2.1000000000000014,0.1706156092819837,0.7107774771544753,14.530728877139794,0.12050894757120911,6.241960903705493,0.0,0.28408998451511197,1.1586323851540334,3.934729796890666,0.04856776999223778,-0.047266518299329596,0.0,433.33185148627973,435.9337549451601,434.3776027141677,433.0751061964076
2.1600000000000015,0.18855874475323856,0.7828733923730357,14.770503602615277,0.12374161068695155,6.239093145743725,0.0,0.31429599851995044,1.244813817395079,4.057227742556175,0.06280488324214512,-0.04887609682999132,0.0,461.73253766339366,461.60423575388523,459.72938481706666,460.8579407461672
2.2200000000000015,0.2081362821689219,0.8595425616687585,15.012287879497968,0.1280664672114007,6.23614339289124,0.0,0.33852903772450105,1.3111497986769138,4.002350148776592,0.08610177034299803,-0.049741487335097326,0.0,404.28842505803283,404.2086735718998,403.42142507792573,405.5241728541212
2.2800000000000016,0.2293872757840356,0.9407255637752996,15.25434946222617,0.13292429875035072,6.2332372111146395,0.0,0.3701093361915572,1.3953804489930786,4.066005512509944,0.06794974433406747,-0.0459469594020829,0.0,442.70255690499914,443.0132465469825,445.1101671590597,443.62722046781033
2.3400000000000016,0.25260999220720537,1.0271044196358732,15.500619301927035,0.13756497404409807,6.230521405557571,0.0,0.40423430501945096,1.4842801434057595,4.142574380765119,0.09150240561485518,-0.043930654700518455,0.0,447.9477993643805,448.1105787147414,447.9490821003718,449.8649503113775
2.4000000000000017,0.27775123071552693,1.1184372848278301,15.74807587751605,0.14347678329360303,6.228615891473694,0.0,0.4339906549950809,1.5606052139804756,4.105975205349682,0.10978934945121485,-0.014591722457672653,0.0,411.1038162119954,413.69494071110375,411.24958941985136,412.87537290191733
2.4600000000000017,0.3047287787132394,1.214509776170513,15.993756850757167,0.1503235235117737,6.2277556775418965,0.0,0.4653325778602406,1.6423547414244768,4.083316049590085,0.12159047805542286,-0.0138320799387316,0.0,417.21633626266606,417.2827576691484,416.2601758185679,417.30418054344693
2.520000000000002,0.33372145557289506,1.315928717832928,16.24020149133118,0.15812449867679135,6.226939039029073,0.0,0.5011506620775941,1.7389276035021466,4.131127355485213,0.14302430545957484,-0.013171415672328393,0.0,440.9835124584351,441.0382014461363,439.07891942423237,440.86904379383896
2.580000000000002,0.3645607175053055,1.4223958948569078,16.483936123367307,0.16719485299156656,6.226040121669698,0.0,0.526902862225303,1.8106155302380458,3.993688547976565,0.16384068217132663,-0.018873822916116854,0.0,377.69383588138425,377.14344051772525,375.78884429899074,377.827113203574
2.640000000000002,0.3972390958127467,1.5341099101305051,16.72423855946693,0.17728511714594486,6.225038945514212,0.0,0.5624593169279437,1.9140282988969577,4.0160425635594414,0.17565718841369896,-0.012635690539875993,0.0,431.96807425185295,432.4939249576926,432.23574274333356,433.2582841174195
2.700000000000002,0.43211887431933804,1.6523668585803346,16.966713066169437,0.18786123324555515,6.224075806186635,0.0,0.6002590937296424,2.028783133133613,4.065945580331745,0.17746248792249214,-0.0239524194048366,0.0,443.359755168339,442.4289734689336,441.5191218543748,441.69820032559653
2.760000000000002,0.4690922444194081,1.777088829407131,17.208932114538026,0.19820283135803152,6.2229853259472065,0.0,0.6322873017800688,2.1294270565093334,4.007950018608818,0.15947638604316292,-0.008587366856546584,0.0,406.880999632666,408.2544359934398,407.5013026434263,405.92142136662324
2.820000000000002,0.5082736827398197,1.908899515790353,17.45206055520769,0.2075240329833603,6.2226738380891184,0.0,0.6737673702055288,2.2650732779371476,4.095661929308913,0.14548888562969306,0.000857287564798602,0.0,455.8823812444238,456.6365819582358,455.46956170691124,454.3714960246264
2.880000000000002,0.5500435226975262,2.0493567325445383,17.70196905730537,0.21630155715673904,6.222790552987295,0.0,0.7185017446239498,2.4175815416505486,4.233725122303247,0.1478500766897919,0.00403708134356118,0.0,473.0532966291851,473.29807117328886,471.7707047572609,471.9716669630204
2.940000000000002,0.5944194643236074,2.1988846052405364,17.958936453367446,0.22511875961504924,6.2230683110801195,0.0,0.7606272742821325,2.567403749343344,4.331093462152663,0.1450991336655226,0.005788250809357761,0.0,461.48245848719966,461.6205950240757,462.3362124956085,462.1387167598713
3.000000000000002,0.6413317567940183,2.357634831490091,18.221977996205005,0.2336702355849649,6.223663560750619,0.0,0.803018795079014,2.7249573453808216,4.436133700554067,0.1368093428496743,0.01711663235986654,0.0,465.6296429129749,466.5150198034858,465.99447791165795,465.36381969209083
3.0600000000000023,0.6908883991555043,2.5264658020541964,18.493212339313153,0.2422617198835626,6.224924198514682,0.0,0.8486706933575894,2.903400357129835,4.603861867581631,0.1535945652415062,0.027839798526099996,0.0,485.81028799608504,486.61370833598534,486.2538478990603,487.52676253087105
3.1200000000000023,0.7426070014947003,2.703927682626034,18.76537657776015,0.2512533385108142,6.226275685315121,0.0,0.8751904406380502,3.0126442884096925,4.46854018389339,0.14110156369899818,0.008909913022904746,0.0,390.16089521319026,388.38926898378224,389.37868155314914,388.2324875613504
3.1800000000000024,0.7964422984694012,2.890440901235178,19.038643927638418,0.26006201850691113,6.226779850911658,0.0,0.9191914411349507,3.2051036761038683,4.639129077546977,0.15629500626148657,0.007368631591982444,0.0,489.39293924638525,489.27806410584463,488.94993676307695,490.09851816385327
3.2400000000000024,0.8529648060558489,3.088968224525728,19.323130653375422,0.26937114506299675,6.227177268767454,0.0,0.9647604811302619,3.4131637793527516,4.842254159984761,0.15276552099771715,0.00509030779147917,0.0,501.2789454287152,501.1132244020208,501.90672462548906,501.67020533529677
3.3000000000000025,0.9119888180948301,3.299125119288242,19.61593835849062,0.2784864668784923,6.227027955532007,0.0,1.002643464423426,3.592698229151674,4.917110363737254,0.15018157687839284,-0.025388319468936167,0.0,467.1199400415844,464.73672938954627,465.9969030657573,465.8154185907988
3.3600000000000025,0.9730654993016179,3.519098083864458,19.90929841351508,0.2872492383780134,6.22565207711102,0.0,1.0333556835625308,3.740335238989692,4.861338102052735,0.13614478522135232,-0.01842220503667521,0.0,424.3275128523986,424.9251543770322,426.0328540511731,424.8516153052746
3.4200000000000026,1.0362795123020772,3.749398738421611,20.203824850469022,0.2954152217913615,6.2244254302877575,0.0,1.0738440990555629,3.936835320693543,4.9551772600266215,0.13600954887570338,-0.02482970076578285,0.0,474.25181060532486,473.75936213375803,474.5455193018171,474.5509677296133
3.4800000000000026,1.1016164000724917,3.989991661448454,20.498563463670827,0.30368312010495657,6.223466839442585,0.0,1.1041419442717655,4.083459784606824,4.869375965333599,0.1411515777331209,-0.0024462650966631918,0.0,415.34983682302345,417.30873402927176,418.11497813752555,418.5816779873593
3.5400000000000027,1.1687402453103453,4.239280240078148,20.787471314897427,0.3116462446135806,6.223400046846072,0.0,1.1333296323789481,4.226696859693607,4.760930671802456,0.10496868325968084,0.0014280188497740672,0.0,409.4871912936692,409.83179554123114,410.8350116078412,407.63046594052145
3.6000000000000028,1.2379388885794071,4.498919583195265,21.075019063005534,0.3178737806445415,6.223635011942838,0.0,1.1732215093240523,4.428194428430169,4.823162731990596,0.10133118220582542,0.008478295403329275,0.0,466.5989409445852,467.14905317033964,466.91862020465544,466.6435120679168
3.660000000000003,1.3094271674591575,4.770238690762482,21.364749055218184,0.3237795307766689,6.223905956295193,0.0,1.2096447508661807,4.616019447909892,4.833947693022273,0.09188674698791219,-0.004901789441937879,0.0,453.17530365091557,452.0982367264898,451.8130456773074,451.0589223529263
3.720000000000003,1.3831549408003467,5.05321753531789,21.656041770743954,0.32892620993363764,6.2237677778127924,0.0,1.2479194887218072,4.8167439963029715,4.87508564034399,0.06933042607438744,0.0024452022078773343,0.0,462.7302239348306,463.30839054037153,464.01101897667775,462.2420709133511
3.780000000000003,1.4589299399785414,5.3469506990029645,21.94584281870723,0.33332225779609104,6.224542408937495,0.0,1.2778679315052446,4.974539320721897,4.785013061868151,0.0801601426897813,0.02827932949171299,0.0,419.0809286926075,421.32094816835735,420.2955801354167,421.2378244747569
3.840000000000003,1.5369429366059248,5.652772461314454,22.23768766823414,0.3379335171524662,6.22564996733551,0.0,1.3222828457900195,5.219421612827204,4.941780221411262,0.06925607536588319,-0.023669808456707447,0.0,501.1583306188286,497.36741244627086,501.52254317654706,500.73370003433513
3.900000000000003,1.6172728423523057,5.971434340813361,22.533479244370554,0.3422589956432045,6.224507132234677,0.0,1.3554655816676824,5.4026962819067545,4.917590418246692,0.07722912098642805,-0.011116098181093208,0.0,445.88830906102004,446.9129756439712,445.38017355786434,446.0359208518394
3.960000000000003,1.699257563074858,6.299113610651867,22.82217088810389,0.3469982394914055,6.2238818891908885,0.0,1.3774329049078715,5.520276347799822,4.706202897197257,0.08228854784112881,-0.009065024255799985,0.0,379.0553000979722,379.2525200576532,378.840958837539,379.33343043970956
4.020000000000002,1.7831967129849395,6.6374807553275454,23.108158450102717,0.3521220238820506,6.223431664329567,0.0,1.4205105383486858,5.758535987114771,4.825473496334134,0.09097894857558106,-0.004550903938582646,0.0,491.36866275008555,491.70337935315206,490.54202972547307,491.19227468142054
4.080000000000001,1.869227939189791,6.987333125359534,23.39346869605547,0.3576479081584605,6.224043137582601,0.0,1.4471853305222457,5.903481250531328,4.685148948833467,0.09424578652392367,0.029827151496419436,0.0,405.3095510590943,408.3884061244587,407.6679169078245,407.9677675129522
4.14,1.9571505355351322,7.347744426694896,23.675234917606936,0.3634633837445733,6.225697822918335,0.0,1.4833468222177326,6.110298594074742,4.706354348303144,0.1018024824169501,0.02265160061153268,0.0,462.47093257865066,461.90542721673114,462.55224774573543,463.15469160332947
4.199999999999998,2.0471199138355347,7.720075192434007,23.95680488466956,0.36908147392869317,6.22674585527278,0.0,1.5154856908957728,6.300858442362765,4.678870102477063,0.06752401769042597,0.004289272350560384,0.0,447.893667878712,446.3973464393539,450.23834865085433,447.462616313944
4.259999999999997,2.1390537737925435,8.104228656132385,24.237615310281775,0.3729178115186542,6.227198411152738,0.0,1.5488976180612317,6.504147166266668,4.680945415908007,0.05558469206550166,0.013363289930154912,0.0,458.63439906140474,459.3545971740515,458.9046162307737,457.9585076197561
4.319999999999996,2.2328419680606593,8.499697177545764,24.51626555027851,0.37601141414676853,6.227547436950255,0.0,1.5773044728541004,6.678088236657724,4.607367862744357,0.04196918288477992,-0.016916915022489133,0.0,434.61170849493135,432.06562099445455,435.7093929832401,434.57103227005916
4.379999999999995,2.328410844110342,8.906116582186282,24.79183592423849,0.3779449491703426,6.22715686908203,0.0,1.6083511038517817,6.869008824601098,4.578041542087611,-0.008396206338098074,0.008796123542721225,0.0,448.7314944781364,450.8145720866028,451.144358058962,447.0584604760505
4.439999999999993,2.425884931603778,9.324236065185033,25.066382409170266,0.37719943633317055,6.2282952403300875,0.0,1.640664648249203,7.0677698845765535,4.573291561222001,-0.022032672553589202,0.0340223420907279,0.0,455.9133629046864,457.924931079593,459.64416026980695,458.5620383625346
4.499999999999992,2.5250509116416557,9.75273027589091,25.336975010127706,0.37600763664235615,6.23058967446757,0.0,1.664712993565193,7.21509059500774,4.44703597838045,-0.01584414724320277,0.04556487399564264,0.0,415.85430921705813,416.86525104364244,416.0735877776621,416.6151923782275
4.559999999999991,2.6259439921071177,10.192257020047805,25.60580665348596,0.3749451211422823,6.232857726500818,0.0,1.6980596420989815,7.435048626485337,4.513443760135802,-0.021725504856609942,0.013946110443727929,0.0,480.3931488842448,477.9895228698606,481.2315307764296,480.78612665801853
4.6199999999999894,2.72859330889285,10.643423611008366,25.874942192223468,0.3735294840004917,6.233774208583455,0.0,1.723493765942894,7.603354911949402,4.457908799451493,-0.02761992281010152,0.017807523565861606,0.0,442.35523373620293,442.6730830125678,440.3640199992038,439.8759619984994
4.679999999999988,2.832745514147297,11.10456304780043,26.140715840578633,0.3721364831828069,6.234903491198988,0.0,1.74813832240362,7.767466183007135,4.401410881067942,-0.01561259078408667,0.020775530208514074,0.0,440.3648418991025,440.61030402646753,440.1613880924291,441.15416712329153
4.739999999999987,2.9383315790577225,11.575287510226001,26.40271307949056,0.3712417963973609,6.235898881775054,0.0,1.7712920403203918,7.92293555725318,4.332081272328771,-0.013544841808529032,0.006527125363870328,0.0,436.67509733457877,435.48448944001024,435.2905977134982,435.463749293592
4.799999999999986,3.0452590495051246,12.055019101772302,26.659990454620186,0.3700881101068809,6.236889047505558,0.0,1.7928934126205014,8.067744956228653,4.244201864084512,-0.034121854936117586,0.03132778210825162,0.0,427.0925345457733,429.2031316091382,430.06259148221466,428.315619605911
4.859999999999984,3.153470641750374,12.543427830509499,26.91225848925193,0.36818299193634996,6.239026205250106,0.0,1.8139898641316952,8.212077458188121,4.165137893058142,-0.02739063334496265,0.04305460788292437,0.0,429.98358109340614,430.9767631502092,430.81951391347127,431.38803390356503
4.919999999999983,3.2628963709902323,13.04029772906564,27.159588597804035,0.3665327762582624,6.241059886957444,0.0,1.8333333779319438,8.349829204589081,4.079637976163955,-0.027730444892856126,0.00046127966199605366,0.0,429.23055858977733,425.5999106763395,427.7852568870281,427.75609535487024
4.979999999999982,3.373589959098877,13.546478246811343,27.404822449267925,0.3660477859874458,6.241272057689619,0.0,1.8564102108945435,8.522232541998543,4.094598797216303,0.015579496310768584,0.009068933868676951,0.0,459.97164427349935,460.6529191970635,459.443919985923,462.8658137503857
5.0399999999999805,3.4856841063250945,14.0631333781365,27.651525618893267,0.36710240120090365,6.241491928131975,0.0,1.8799819251283594,8.69911705903495,4.1283729555067525,0.02129894757918852,-0.010257895106970553,0.0,467.30516731336473,465.79578001595564,468.19052743947566,468.63532870281733
